159308756
159575448
160571940
160571953
160571959
160571976
160571992
160572005
160572009
160621169
160621535
160621545
161172234
161172452
161172480
161173699
161415843
161416033
161416047
161416137
161416584
161416681
161416774
161430982
161431037
161431280
161431292
161431484
161431487
161431622
161431709
161431946
161432804
161433244
161590767
161590822
161590915
161595284
161595356
161595479
161679093
161679868
161680399
161681485
161681578
161681737
161682708
161682791
161683005
161683009
161760060
161763265
161763370
161763399
161771458
161831535
162726359
163100408
163594340
163598336
163616001
164078534
164078641
164078666
164078680
164078808
164078841
164084694
164085966
164086284
164460683
164821900
164822160
164822217
164822361
164822948
164822951
165106583
165300914
165357289
165515762
165515907
165516017
165516021
165516112
165516324
165522829
165523367
165523451
165621365
165621513
165621646
165621749
165621950
165621983
165622034
165622313
165622610
165737419
165737454
165737662
165737878
165738011
165738101
165738586
165738970
165740264
165896222
165896521
165896698
165897499
165897511
165897670
165897763
165897814
165897890
165897912
165898043
165898051
165898559
165898648
165898652
165898665
165898675
165898734
165898797
165898855
165898875
166249192
166249251
166307164
166307170
166974055
167130012
167191121
167247291
167840433
167840697
167841603
167962097
167962258
167962327
167962485
167962503
167962716
167962741
167962863
167967515
167997964
167997991
167998246
167998850
167998998
167999141
167999147
167999239
167999263
168046649
168046674
168046803
168046982
168047231
168047709
168047710
168047740
168047752
168053491
168053628
168054835
168055745
168486183
168613206
168929025
168990212
168990432
168990469
168990529
168990548
168990633
168990654
168990661
168990689
169038420
169038437
169038441
169038450
169038460
169038466
169038497
169038510
169038541
169040950
169040961
169041049
169186939
169186975
169187014
169187070
169187282
169337620
169338841
169340271
169340702
169341174
169341560
169341642
169571696
169572554
169572725
169572728
169573370
170119537
170119547
170119553
170119567
170128754
170130075
170151960
170368061
170373268
170373465
170395279
170395285
170395369
170395426
170396232
170396483
170396561
170396611
170396654
170396678
170397012
170397738
170397783
170397810
170398644
170441926
170444849
170445662
170445694
170445741
170860132
170860980
170861220
170861259
170861585
170861618
170931811
170931837
170931945
170932007
170932022
170932870
170934590
171022503
171313267
171315771
171410973
171411163
171411193
171411373
171411415
171411948
171522891
171554833
171704771
171707106
171708417
171708758
171708821
171708925
171709018
171709169
171709216
171709399
171709780
171709875
171710117
171710171
171710263
171710304
171710342
171710863
171710887
171710888
171710967
171710980
172162551
172374028
172374073
172374148
172375403
172375879
172375978
172376611
172377177
172377195
172377266
172377308
172377371
172377407
172377574
172377635
172378025
172380061
172380148
172380238
172380298
172383943
172387353
172463131
172463457
172464018
172464848
172784563
172890717
173344491
173344526
173344891
173346826
173346910
173347945
173431939
173431945
173432239
173432680
173432860
173495934
173495947
173495990
173496115
173849115
173929089
173929191
174069099
174247629
174247706
174247734
174247829
174247862
174247994
174248132
174248399
174248471
174249526
174419361
174423580
174424606
174424638
174586666
174586696
174586779
174586969
174586989
174587835
174588053
174588975
174740417
174740651
174743375
174744335
174769094
174978866
175112688
175112706
175113034
